2

2148007944
2148073488
00000000
00000000
00000000
00000000
00000000
00000000
00000000
00000000
00000000
00000000
00000000
00000000
00000000
00000000

0
6706433
305419896
3
4
5
6
7
8
9
10
11
12
13
14
15

0
0
0
0
0
0
0
0
120
4
0
0
0
0
0
0
0
0
0
0
0
0
0
0
0
0
0
0
0
0
0
0

0
6706433
305419896
3
4
5
6
7
8
9
10
11
12
13
14
15

5

537395212
486539265
554237964
0
554369032
0
0
0
0
0
0
0
0
0
0
0

0
0
0
0
0
0
0
0
0
0
0
0
0
0
0
0

0
0
0
0
0
0
0
0
12
0
0
20
0
0
0
0
0
0
0
0
0
0
0
0
0
0
0
0
0
0
0
0

0
0
0
0
0
0
0
0
0
0
0
0
0
0
0
0

3

2148073477
537526274
2169176069
0
0
0
0
0
0
0
0
0
0
0
0
0

286331153
321148536
858993459
1145324612
1431655765
1717986918
2004318071
8
9
10
11
12
13
14
15
16

0
0
0
0
0
0
0
0
0
86
2
19
0
0
0
0
0
0
0
0
0
0
0
0
0
0
0
0
0
0
0
0

286331153
321148536
858993459
1145324612
1431655765
1717986918
2004318071
8
9
10
11
12
13
14
15
16

5

537460734
486539265
554237964
0
554369032
0
0
0
0
0
0
0
0
0
0
0

1
2
3
4
5
6
7
8
8
7
6
5
4
3
2
1

0
0
0
0
0
0
0
0
4294967294
10
0
6
0
0
0
0
0
0
0
0
0
0
0
0
0
0
0
0
0
0
0
0

1
2
3
4
5
6
7
8
8
7
6
5
4
3
2
1
