10000
128

538771656
599654400
2948595736
537133061
201326599
2948726808
134217757
599654368
2948530204
2948464664
599654400
2948857888
2411855904
272629761
134217745
537001984
134217752
2411855904
541261823
541327360
201326599
541261824
2411855904
6426656
601686016
2411659292
2411593752
599588896
65011720
134217758
134217759
134217760
134217760
0
0
0
0
0
0
0
0
0
0
0
0
0
0
0
0
0
0
0
0
0
0
0
0
0
0
0
0
0
0
0

0
0
0
0
0
0
0
0
0
0
0
0
0
0
0
0
0
0
0
0
0
0
0
0
0
0
0
0
0
0
0
0
0
0
0
0
0
0
0
0
0
0
0
0
0
0
0
0
0
0
0
0
0
0
0
0
0
0
0
0
0
0
0
0

0
0
15
10
0
0
0
0
0
0
0
0
0
0
0
0
0
0
0
0
0
0
0
0
0
0
0
0
0
200
200
20

0
0
0
0
0
0
0
0
40
84
0
0
0
0
0
0
72
84
1
0
0
0
0
0
104
84
2
0
0
0
0
0
136
84
3
0
0
0
0
0
168
84
4
0
0
0
0
0
200
20
5
0
0
0
0
0
15
0
0
0
0
0
0
0
